fips,cases,deaths,cured
1001,7257,113,7144
1003,22027,315,21712
1005,2346,60,2286
1007,2693,64,2629
1009,6987,139,6848
1011,1249,42,1207
1013,2262,71,2191
1015,14776,330,14446
1017,3736,123,3613
1019,1874,45,1829
1021,4481,116,4365
1023,624,25,599
1025,3533,61,3472
1027,1603,59,1544
1029,1542,43,1499
1031,5673,128,5545
1033,6431,140,6291
1035,1142,30,1112
1037,1123,29,1094
1039,4296,124,4172
1041,1584,57,1527
1043,10008,201,9807
1045,4946,117,4829
1047,3622,159,3463
1049,9028,190,8838
1051,10315,214,10101
1053,4035,80,3955
1055,14241,366,13875
1057,2201,63,2138
1059,4326,81,4245
1061,2593,81,2512
1063,937,34,903
1065,2274,78,2196
1067,1953,44,1909
1069,10840,289,10551
1071,7040,114,6926
1073,81290,1569,79721
1075,1476,38,1438
1077,9645,251,9394
1079,3144,100,3044
1081,16332,177,16155
1083,10209,158,10051
1085,1421,54,1367
1087,1635,52,1583
1089,35846,526,35320
1091,2509,66,2443
1093,3286,106,3180
1095,12493,231,12262
1097,42393,839,41554
1099,1826,41,1785
1101,25124,614,24510
1103,14666,287,14379
1105,1087,27,1060
1107,2372,62,2310
1109,3150,78,3072
1111,1882,44,1838
1113,4560,42,4518
1117,25725,255,25470
1115,10201,250,9951
1119,1062,32,1030
1121,8482,185,8297
1123,4153,155,3998
1125,26229,464,25765
1127,7371,282,7089
1129,1706,39,1667
1131,1272,31,1241
1133,2838,72,2766
2013,367,3,364
2016,730,0,730
2020,30990,176,30814
2050,3917,22,3895
2997,201,0,201
2068,111,0,111
2070,233,2,231
2090,8002,44,7958
2100,28,0,28
2110,1469,3,1466
2122,4551,19,4532
2130,656,1,655
2150,1122,6,1116
2158,1401,4,1397
2170,11795,58,11737
2180,405,0,405
2185,1082,4,1078
2188,625,2,623
2195,166,0,166
2198,175,2,173
2220,366,1,365
2230,21,0,21
2240,766,5,761
2261,685,2,683
2275,63,0,63
2998,81,2,79
2290,368,4,364
4001,11491,436,11055
4003,12206,293,11913
4005,18051,331,17720
4007,7089,229,6860
4009,5594,85,5509
4011,577,10,567
4012,2495,78,2417
4013,560181,10280,549901
4015,23764,752,23012
4017,16694,552,16142
4019,117731,2427,115304
4021,54003,907,53096
4023,8085,180,7905
4025,19595,528,19067
4027,37319,848,36471
5001,2219,38,2181
5003,2062,35,2027
5005,3445,104,3341
5007,29891,423,29468
5009,4059,80,3979
5011,1460,33,1427
5013,422,3,419
5015,2887,46,2841
5017,1629,41,1588
5019,2214,41,2173
5021,1807,52,1755
5023,2074,74,2000
5025,997,25,972
5027,2407,57,2350
5029,2266,34,2232
5031,13819,186,13633
5033,7250,120,7130
5035,6186,97,6089
5037,1988,51,1937
5039,788,16,772
5041,1378,23,1355
5043,2072,45,2027
5045,13127,166,12961
5047,1719,40,1679
5049,1178,47,1131
5051,10564,264,10300
5053,1787,36,1751
5055,6268,78,6190
5057,2077,20,2057
5059,5369,77,5292
5061,1684,25,1659
5063,3967,124,3843
5065,1712,42,1670
5067,3262,38,3224
5069,9245,170,9075
5071,2975,38,2937
5073,561,9,552
5075,2161,43,2118
5077,1707,37,1670
5079,3258,48,3210
5081,1273,43,1230
5083,2289,25,2264
5085,7739,125,7614
5087,1492,23,1469
5089,1134,30,1104
5091,4463,38,4425
5093,5923,110,5813
5095,889,18,871
5097,767,33,734
5099,892,24,868
5101,764,26,738
5103,2445,63,2382
5105,868,11,857
5107,1877,44,1833
5109,1043,23,1020
5111,3211,77,3134
5113,2041,74,1967
5115,8168,111,8057
5117,917,22,895
5119,41195,677,40518
5121,2213,48,2165
5125,12648,173,12475
5127,975,14,961
5129,760,18,742
5131,15582,287,15295
5133,2834,24,2810
5135,1654,47,1607
5123,3652,44,3608
5137,1111,31,1080
5139,4129,115,4014
5141,1394,24,1370
5143,31634,357,31277
5145,8391,124,8267
5147,654,14,640
5149,3465,66,3399
6001,90297,1271,89026
6003,89,0,89
6005,3753,47,3706
6007,12669,201,12468
6009,2210,56,2154
6011,2288,18,2270
6013,71250,817,70433
6015,1483,8,1475
6017,10428,117,10311
6019,102464,1725,100739
6021,2967,27,2940
6023,4569,50,4519
6025,28981,741,28240
6027,1434,38,1396
6029,111060,1407,109653
6031,23096,247,22849
6033,3594,56,3538
6035,5821,26,5795
6037,1250908,24498,1226410
6039,16680,245,16435
6041,14127,232,13895
6043,467,7,460
6045,4372,50,4322
6047,32369,481,31888
6049,566,5,561
6051,1298,4,1294
6053,43892,496,43396
6055,10034,81,9953
6057,4952,75,4877
6059,273561,5124,268437
6061,23755,300,23455
6063,742,6,736
6065,301706,4636,297070
6067,108570,1743,106827
6069,6099,63,6036
6071,299763,4940,294823
6073,282562,3780,278782
6075,37044,558,36486
6077,74900,1444,73456
6079,21482,261,21221
6081,42540,581,41959
6083,34643,457,34186
6085,119357,2201,117156
6087,16269,208,16061
6089,12564,236,12328
6091,59,0,59
6093,2404,38,2366
6095,33978,268,33710
6097,30950,318,30632
6099,63721,1075,62646
6101,9707,114,9593
6103,5124,63,5061
6105,342,3,339
6107,49896,852,49044
6109,4242,71,4171
6111,81884,1032,80852
6113,14184,213,13971
6115,6538,51,6487
8001,62062,755,61307
8003,1725,37,1688
8005,64075,827,63248
8007,1032,3,1029
8009,323,4,319
8011,1547,22,1525
8013,24090,261,23829
8014,5004,76,4928
8015,1773,25,1748
8017,130,6,124
8019,477,3,474
8021,737,21,716
8023,251,5,246
8025,2212,17,2195
8027,227,2,225
8029,2936,67,2869
8031,74367,843,73524
8033,130,1,129
8035,31147,266,30881
8037,6359,23,6336
8041,73368,874,72494
8039,1888,14,1874
8043,6551,63,6488
8045,6182,50,6132
8047,284,3,281
8049,1506,7,1499
8051,1396,6,1390
8053,20,0,20
8055,433,17,416
8057,67,0,67
8059,48913,804,48109
8061,95,3,92
8063,646,11,635
8067,4138,41,4097
8065,834,0,834
8069,27706,249,27457
8071,1169,14,1155
8073,1035,4,1031
8075,4057,69,3988
8077,17168,250,16918
8079,93,1,92
8081,1012,26,986
8083,2088,25,2063
8085,3738,65,3673
8087,2750,96,2654
8089,2085,68,2017
8091,294,3,291
8093,831,5,826
8095,400,13,387
8097,2616,4,2612
8099,1277,22,1255
8101,19588,418,19170
8103,620,5,615
8105,904,16,888
8107,2288,21,2267
8109,452,5,447
8111,47,0,47
8113,923,1,922
8115,236,3,233
8117,3771,8,3763
8119,1921,18,1903
8121,473,13,460
8123,33491,351,33140
8125,969,17,952
9001,100516,2202,98314
9003,84527,2439,82088
9005,14694,298,14396
9007,12867,374,12493
9009,92394,2131,90263
9011,22578,451,22127
9013,9651,187,9464
9015,10947,195,10752
10001,18234,349,17885
10003,65053,846,64207
10005,26230,499,25731
11001,49335,1141,48194
12001,25425,285,25140
12003,3607,62,3545
12005,19965,394,19571
12007,3063,58,3005
12009,43207,914,42293
12011,245828,3079,242749
12013,1720,45,1675
12015,13425,437,12988
12017,11482,463,11019
12019,19630,352,19278
12021,36319,551,35768
12023,8315,170,8145
12027,4440,97,4343
12029,1638,24,1614
12031,101623,1483,100140
12033,33139,706,32433
12035,7540,114,7426
12037,1333,20,1313
12039,5815,99,5716
12041,1646,44,1602
12043,992,19,973
12045,1977,45,1932
12047,1634,25,1609
12049,3351,45,3306
12051,4920,87,4833
12053,14855,482,14373
12055,8776,366,8410
12057,145214,1832,143382
12059,2277,49,2228
12061,12922,306,12616
12063,6393,158,6235
12065,1504,28,1476
12067,1630,26,1604
12069,31095,663,30432
12071,72609,1009,71600
12073,32289,332,31957
12075,3620,56,3564
12077,1086,16,1070
12079,2086,45,2041
12081,39565,689,38876
12083,32123,996,31127
12085,12721,335,12386
12086,501540,6472,495068
12087,6811,52,6759
12089,8434,127,8307
12091,20955,367,20588
12093,4244,89,4155
12095,143397,1310,142087
12097,46436,529,45907
12099,148184,2883,145301
12101,43160,802,42358
12103,80558,1671,78887
12105,71953,1387,70566
12107,6820,160,6660
12113,18565,291,18274
12115,32493,844,31649
12117,35999,516,35483
12109,23546,221,23325
12111,27945,657,27288
12119,9515,284,9231
12121,5423,140,5283
12123,2754,48,2706
12125,1878,74,1804
12127,45057,846,44211
12129,3559,56,3503
12131,7107,89,7018
12133,2742,52,2690
13001,2344,72,2272
13003,1053,23,1030
13005,1671,40,1631
13007,231,10,221
13009,4605,135,4470
13011,1874,38,1836
13013,10245,146,10099
13015,15090,236,14854
13017,2135,83,2052
13019,1906,46,1860
13021,16254,464,15790
13023,1514,51,1463
13025,1674,41,1633
13027,1424,50,1374
13029,3779,41,3738
13031,6865,121,6744
13033,2631,65,2566
13035,3216,90,3126
13037,587,16,571
13039,4113,39,4074
13043,1006,68,938
13045,11612,246,11366
13047,6727,73,6654
13049,1606,36,1570
13051,23768,463,23305
13053,4526,17,4509
13055,2905,76,2829
13057,31851,334,31517
13059,15228,149,15079
13061,237,3,234
13063,27571,525,27046
13065,988,27,961
13067,80650,1110,79540
13069,5384,178,5206
13071,4871,129,4742
13073,17171,213,16958
13075,1888,44,1844
13077,14415,231,14184
13079,669,21,648
13081,2120,90,2030
13083,1491,14,1477
13085,3145,50,3095
13089,67767,1074,66693
13087,2996,73,2923
13091,2154,105,2049
13093,1093,44,1049
13095,7736,312,7424
13097,15647,232,15415
13099,1201,47,1154
13101,484,9,475
13103,4737,73,4664
13105,2310,74,2236
13107,2623,83,2540
13109,994,31,963
13111,2474,73,2401
13113,9175,176,8999
13115,12164,239,11925
13117,23374,206,23168
13119,2723,54,2669
13121,99633,1473,98160
13123,3091,89,3002
13125,271,19,252
13127,8340,178,8162
13129,8323,120,8203
13131,2282,64,2218
13133,1848,62,1786
13135,103415,1207,102208
13137,5221,164,5057
13139,27992,491,27501
13141,933,69,864
13143,2702,90,2612
13145,2649,62,2587
13147,2436,57,2379
13149,893,22,871
13151,26019,335,25684
13153,14983,271,14712
13155,1019,31,988
13157,10031,151,9880
13159,1419,39,1380
13161,1923,44,1879
13163,1977,69,1908
13165,872,44,828
13167,1133,50,1083
13169,2074,59,2015
13171,2075,58,2017
13173,798,13,785
13175,5692,173,5519
13177,2777,59,2718
13179,4196,67,4129
13181,845,28,817
13183,886,13,873
13185,13055,216,12839
13187,3054,79,2975
13193,891,37,854
13195,3286,56,3230
13197,572,24,548
13189,2551,52,2499
13191,870,16,854
13199,2073,89,1984
13201,855,14,841
13205,2105,84,2021
13207,2728,102,2626
13209,908,23,885
13211,2287,31,2256
13213,5044,92,4952
13215,16931,498,16433
13217,11392,262,11130
13219,4055,73,3982
13221,1514,31,1483
13223,17455,231,17224
13225,2727,70,2657
13227,3550,80,3470
13229,2528,61,2467
13231,2370,43,2327
13233,5746,100,5646
13235,948,45,903
13237,2243,59,2184
13239,169,3,166
13241,1801,50,1751
13243,643,34,609
13245,25198,532,24666
13247,7917,177,7740
13249,351,5,346
13251,1022,33,989
13253,958,19,939
13255,6518,203,6315
13257,3185,81,3104
13259,1052,25,1027
13261,2623,106,2517
13263,500,19,481
13265,123,3,120
13267,2368,69,2299
13269,817,26,791
13271,1337,60,1277
13273,823,49,774
13275,4598,126,4472
13277,4973,132,4841
13279,3466,119,3347
13281,1282,60,1222
13283,861,34,827
13285,7651,238,7413
13287,1050,42,1008
13289,733,46,687
13291,2302,81,2221
13293,3529,133,3396
13295,7897,90,7807
13297,10906,265,10641
13299,5000,181,4819
13301,552,20,532
13303,2171,88,2083
13305,3650,91,3559
13307,146,4,142
13309,632,25,607
13311,3249,84,3165
13313,17112,250,16862
13315,841,48,793
13317,1116,30,1086
13319,946,27,919
13321,1804,69,1735
15001,3265,55,3210
15003,27874,400,27474
15005,1,0,1
15007,361,2,359
15009,4890,57,4833
16001,53585,484,53101
16003,343,4,339
16005,8885,110,8775
16007,400,2,398
16009,767,10,757
16011,4879,76,4803
16013,2399,18,2381
16015,379,2,377
16017,3389,45,3344
16019,15046,177,14869
16021,896,11,885
16023,212,1,211
16025,72,0,72
16027,27663,312,27351
16029,713,12,701
16031,2974,28,2946
16033,59,0,59
16035,1085,14,1071
16037,257,3,254
16039,2130,19,2111
16041,1236,17,1219
16043,1143,14,1129
16045,1842,39,1803
16047,1337,23,1314
16049,1363,18,1345
16051,3030,33,2997
16053,2650,23,2627
16055,19078,217,18861
16057,3219,11,3208
16059,534,9,525
16061,438,11,427
16063,512,11,501
16065,7343,28,7315
16067,2357,33,2324
16069,3755,58,3697
16071,370,4,366
16073,1090,31,1059
16075,2630,38,2592
16077,672,9,663
16079,1197,35,1162
16081,1232,4,1228
16083,9797,132,9665
16085,876,6,870
16087,1240,22,1218
17001,8803,156,8647
17003,476,11,465
17005,2087,30,2057
17007,6845,90,6755
17009,750,12,738
17011,3792,98,3694
17013,531,5,526
17015,1786,38,1748
17017,2039,36,2003
17019,21153,164,20989
17021,3844,93,3751
17023,1850,41,1809
17025,1505,48,1457
17027,5796,100,5696
17029,5779,103,5676
17031,557001,11047,545954
17033,2145,41,2104
17035,1303,31,1272
17039,1573,36,1537
17037,10389,126,10263
17041,2609,42,2567
17043,92565,1406,91159
17045,1772,61,1711
17047,584,13,571
17049,4771,84,4687
17051,3227,58,3169
17053,1893,58,1835
17055,4553,90,4463
17057,4052,67,3985
17059,470,5,465
17061,1456,47,1409
17063,5995,82,5913
17065,844,19,825
17067,1823,41,1782
17069,391,12,379
17071,529,23,506
17073,5079,99,4980
17075,3158,70,3088
17077,5117,76,5041
17079,1167,20,1147
17081,4446,123,4323
17083,2723,71,2652
17085,1830,27,1803
17087,1483,22,1461
17089,59547,863,58684
17091,14601,225,14376
17093,13888,108,13780
17095,5660,187,5473
17099,12795,306,12489
17097,68451,1093,67358
17101,2410,36,2374
17103,4192,93,4099
17105,4908,103,4805
17107,3997,77,3920
17115,11013,222,10791
17117,4802,118,4684
17119,31139,605,30534
17121,4530,123,4407
17123,1083,21,1062
17125,1553,46,1507
17127,1363,43,1320
17109,2940,63,2877
17111,29205,322,28883
17113,18562,226,18336
17129,1255,16,1239
17131,1499,34,1465
17133,4399,94,4305
17135,3800,80,3720
17137,4076,105,3971
17139,1637,36,1601
17141,6230,92,6138
17143,23588,369,23219
17145,3203,69,3134
17147,1526,20,1506
17149,1833,56,1777
17151,331,4,327
17153,703,7,696
17155,487,4,483
17157,4171,93,4078
17159,1769,49,1720
17161,15258,372,14886
17165,2607,73,2534
17167,19155,281,18874
17169,783,19,764
17171,492,1,491
17173,2328,41,2287
17163,31603,563,31040
17175,648,24,624
17177,4838,104,4734
17179,17245,340,16905
17181,2303,45,2258
17183,10053,162,9891
17185,1371,15,1356
17187,1848,52,1796
17189,1651,31,1620
17191,1821,54,1767
17193,1707,36,1671
17195,7294,216,7078
17197,77030,1110,75920
17199,7646,146,7500
17201,34193,540,33653
17203,4859,96,4763
18001,3521,57,3464
18003,41875,714,41161
18005,8202,162,8040
18007,1043,14,1029
18009,1375,32,1343
18011,7044,108,6936
18013,1044,43,1001
18015,1943,23,1920
18017,6040,112,5928
18019,13269,205,13064
18021,2688,48,2640
18023,4462,60,4402
18025,1026,17,1009
18027,3053,102,2951
18033,4420,88,4332
18029,5915,81,5834
18031,2957,96,2861
18035,11005,205,10800
18037,6228,119,6109
18039,29572,477,29095
18041,2986,66,2920
18043,7837,185,7652
18045,2259,49,2210
18047,1724,36,1688
18049,2044,43,2001
18051,4477,98,4379
18053,7677,187,7490
18055,2881,89,2792
18057,36757,442,36315
18059,8630,151,8479
18061,4421,77,4344
18063,17817,339,17478
18065,5920,113,5807
18067,10402,228,10174
18069,4042,83,3959
18071,5100,78,5022
18073,3910,57,3853
18075,2025,35,1990
18077,3366,87,3279
18079,2358,51,2307
18081,18590,406,18184
18083,3791,91,3700
18085,9673,128,9545
18087,2743,74,2669
18091,12459,224,12235
18089,56175,1057,55118
18093,4782,126,4656
18095,13243,364,12879
18097,103743,1857,101886
18099,6254,118,6136
18101,921,15,906
18103,3985,70,3915
18105,12271,179,12092
18107,4426,92,4334
18109,6801,146,6655
18111,1172,38,1134
18113,5831,92,5739
18115,579,11,568
18117,1890,58,1832
18119,2140,60,2080
18121,1512,16,1496
18123,1883,38,1845
18125,1385,34,1351
18127,19418,338,19080
18129,2749,35,2714
18131,1211,48,1163
18133,3750,61,3689
18135,2495,84,2411
18137,3484,71,3413
18139,1830,26,1804
18143,2714,60,2654
18145,6029,107,5922
18147,2348,31,2317
18141,37076,584,36492
18149,2285,61,2224
18151,4029,61,3968
18153,2159,43,2116
18155,820,8,812
18157,23006,231,22775
18159,1678,49,1629
18161,756,11,745
18163,22654,407,22247
18165,1761,44,1717
18167,12667,258,12409
18169,3628,83,3545
18171,853,16,837
18173,7885,159,7726
18175,2466,37,2429
18177,7557,205,7352
18179,2987,83,2904
18181,3345,54,3291
18183,4075,44,4031
19001,876,32,844
19003,348,4,344
19005,1529,52,1477
19007,1291,49,1242
19009,534,11,523
19011,2615,55,2560
19013,16298,315,15983
19015,2686,34,2652
19017,2892,62,2830
19019,1944,34,1910
19021,4273,40,4233
19023,1668,35,1633
19025,1392,13,1379
19027,2873,52,2821
19029,1391,55,1336
19031,1924,23,1901
19033,5551,97,5454
19035,1599,38,1561
19037,1251,17,1234
19039,1013,24,989
19041,2168,27,2141
19043,1713,57,1656
19045,5617,93,5524
19047,2687,41,2646
19049,11303,99,11204
19051,853,25,828
19053,620,9,611
19055,2111,43,2068
19057,4693,73,4620
19059,2495,44,2451
19061,13536,212,13324
19063,1360,41,1319
19065,1874,43,1831
19067,1638,42,1596
19069,1236,23,1213
19071,627,10,617
19073,781,11,770
19075,1377,33,1344
19077,1234,32,1202
19079,1820,51,1769
19081,1506,34,1472
19083,1884,44,1840
19085,1801,73,1728
19087,2954,37,2917
19089,1051,22,1029
19091,1203,26,1177
19093,917,35,882
19095,1500,24,1476
19097,2252,42,2210
19099,4216,73,4143
19101,1337,35,1302
19103,14642,85,14557
19105,3011,57,2954
19107,971,32,939
19109,2163,66,2097
19111,3846,57,3789
19113,21283,341,20942
19115,1300,49,1251
19117,780,23,757
19119,1599,41,1558
19121,1647,19,1628
19123,2328,51,2277
19125,3661,77,3584
19127,4884,76,4808
19129,1642,24,1618
19131,1267,43,1224
19133,836,31,805
19135,964,32,932
19137,1036,38,998
19139,4891,106,4785
19141,1998,61,1937
19143,789,17,772
19145,1945,22,1923
19147,1135,23,1112
19149,4034,81,3953
19151,858,22,836
19153,58334,642,57692
19155,11243,176,11067
19157,1572,36,1536
19159,565,24,541
19161,1310,20,1290
19163,20331,249,20082
19165,1318,37,1281
19167,5178,74,5104
19169,10728,48,10680
19171,2127,71,2056
19173,668,12,656
19175,1301,35,1266
19177,565,18,547
19179,4344,122,4222
19181,5848,92,5756
19183,2575,51,2524
19185,548,23,525
19187,5195,94,5101
19189,1446,31,1415
19191,2003,35,1968
19193,15253,230,15023
19195,762,8,754
19197,1866,40,1826
20001,1258,20,1238
20003,852,18,834
20005,1540,14,1526
20007,374,6,368
20009,2615,51,2564
20011,1441,28,1413
20013,1243,38,1205
20015,7664,91,7573
20017,278,3,275
20019,271,6,265
20021,2619,53,2566
20023,371,13,358
20025,250,7,243
20027,826,30,796
20029,1004,25,979
20031,751,23,728
20033,172,9,163
20035,4008,108,3900
20037,4885,83,4802
20039,281,12,269
20041,1825,47,1778
20043,1044,23,1021
20045,9391,85,9306
20047,267,12,255
20049,181,5,176
20051,3764,73,3691
20053,1226,25,1201
20055,6114,73,6041
20057,5789,76,5713
20059,2601,43,2558
20061,3650,42,3608
20063,388,19,369
20065,265,9,256
20067,985,18,967
20069,611,14,597
20071,104,1,103
20073,589,11,578
20075,210,1,209
20077,630,18,612
20079,3710,72,3638
20081,416,9,407
20083,213,9,204
20085,1419,17,1402
20087,1763,38,1725
20089,216,6,210
20091,59916,771,59145
20093,573,10,563
20095,778,15,763
20097,271,5,266
20099,2774,50,2724
20101,143,7,136
20103,7324,94,7230
20105,266,5,261
20107,833,12,821
20109,305,6,299
20111,4326,86,4240
20115,1120,24,1096
20117,1138,26,1112
20113,3396,89,3307
20119,514,13,501
20121,2806,42,2764
20123,569,18,551
20125,3483,84,3399
20127,613,23,590
20129,269,9,260
20131,1531,55,1476
20133,1820,35,1785
20135,372,16,356
20137,1221,27,1194
20139,1267,26,1241
20141,293,12,281
20143,560,13,547
20145,1178,14,1164
20147,711,25,686
20149,2005,32,1973
20151,816,25,791
20153,360,7,353
20155,8602,141,8461
20157,680,15,665
20159,1075,12,1063
20161,6682,43,6639
20163,659,11,648
20165,434,14,420
20167,865,28,837
20169,6362,143,6219
20171,621,24,597
20173,58027,791,57236
20175,3988,41,3947
20177,17754,371,17383
20179,437,14,423
20181,662,12,650
20183,279,3,276
20185,352,10,342
20187,186,6,180
20189,586,10,576
20191,2236,53,2183
20193,1135,20,1115
20195,407,8,399
20197,698,14,684
20199,179,4,175
20201,555,14,541
20203,218,6,212
20205,1032,16,1016
20207,225,5,220
20209,21023,299,20724
21001,1960,54,1906
21003,2122,44,2078
21005,1797,23,1774
21007,420,9,411
21009,4518,103,4415
21011,1051,24,1027
21013,3182,58,3124
21015,14682,155,14527
21017,1765,20,1745
21019,5142,76,5066
21021,3508,78,3430
21023,673,7,666
21025,1054,9,1045
21027,1323,18,1305
21029,7413,83,7330
21031,1481,28,1453
21033,1486,32,1454
21035,3589,50,3539
21037,8896,84,8812
21039,485,10,475
21041,1041,21,1020
21043,2378,35,2343
21045,1519,41,1478
21047,7106,107,6999
21049,3037,32,3005
21051,2720,46,2674
21053,1454,32,1422
21055,686,24,662
21057,697,13,684
21059,11021,193,10828
21061,923,25,898
21063,986,2,984
21065,1187,12,1175
21067,36543,323,36220
21069,1233,25,1208
21071,3503,72,3431
21073,4196,56,4140
21075,547,16,531
21077,746,33,713
21079,1555,36,1519
21081,2568,23,2545
21083,4387,96,4291
21085,2251,58,2193
21087,1238,18,1220
21089,3723,63,3660
21091,897,16,881
21093,10004,170,9834
21095,2950,91,2859
21097,1834,25,1809
21099,2024,53,1971
21101,4980,79,4901
21103,1388,20,1368
21105,402,15,387
21107,4727,149,4578
21109,1335,32,1303
21111,83124,1336,81788
21113,4800,72,4728
21115,2108,36,2072
21117,17237,213,17024
21119,1161,24,1137
21121,3876,46,3830
21123,1363,26,1337
21125,7576,81,7495
21127,1487,28,1459
21129,1293,26,1267
21131,955,8,947
21133,1972,46,1926
21135,1365,40,1325
21137,2411,59,2352
21139,888,25,863
21141,2941,73,2868
21143,1555,21,1534
21151,9582,112,9470
21153,1041,18,1023
21155,2391,38,2353
21157,2895,60,2835
21159,1060,20,1040
21161,1763,40,1723
21145,6956,133,6823
21147,2008,34,1974
21149,903,27,876
21163,2091,26,2065
21165,489,17,472
21167,2635,54,2581
21169,1069,30,1039
21171,1344,44,1300
21173,2862,30,2832
21175,2328,5,2323
21177,3080,67,3013
21179,5017,62,4955
21181,599,8,591
21183,2515,55,2460
21185,7701,84,7617
21187,742,13,729
21189,508,16,492
21191,1046,4,1042
21193,2794,66,2728
21195,5851,106,5745
21197,1348,13,1335
21199,6613,118,6495
21201,237,14,223
21203,1640,24,1616
21205,2329,20,2309
21207,1906,46,1860
21209,5486,36,5450
21211,4827,78,4749
21213,2156,42,2114
21215,1654,25,1629
21217,3188,53,3135
21219,1172,28,1144
21221,1341,14,1327
21223,705,7,698
21225,1449,16,1433
21227,16324,185,16139
21229,1462,41,1421
21231,2222,50,2172
21233,1419,22,1397
21235,4056,61,3995
21237,549,6,543
21239,2165,22,2143
22001,6806,196,6610
22003,3272,92,3180
22005,12936,168,12768
22007,2334,36,2298
22009,4345,124,4221
22011,3327,79,3248
22013,1711,83,1628
22015,14478,310,14168
22017,27253,761,26492
22019,23263,453,22810
22021,1139,29,1110
22023,634,7,627
22025,1179,38,1141
22027,1485,55,1430
22029,1920,62,1858
22031,2907,78,2829
22033,41204,837,40367
22035,1140,27,1113
22037,3258,115,3143
22039,3693,97,3596
22041,2571,107,2464
22043,2271,58,2213
22045,7408,161,7247
22047,3950,101,3849
22049,2075,52,2023
22051,47582,911,46671
22053,3250,97,3153
22059,1709,37,1672
22055,24566,294,24272
22057,10211,205,10006
22061,4702,93,4609
22063,14411,213,14198
22065,1572,40,1532
22067,2880,78,2802
22069,4171,94,4077
22071,31094,805,30289
22073,19096,462,18634
22075,2572,27,2545
22077,2731,75,2656
22079,12748,327,12421
22081,903,38,865
22083,2513,57,2456
22085,3004,64,2940
22087,4141,54,4087
22089,5642,98,5544
22091,983,12,971
22093,2038,51,1987
22095,3882,141,3741
22097,9190,262,8928
22099,5571,118,5453
22101,5080,143,4937
22103,26464,528,25936
22105,13259,306,12953
22107,371,8,363
22109,10983,228,10755
22111,2452,82,2370
22113,5786,126,5660
22115,3220,105,3115
22117,4491,134,4357
22119,4259,114,4145
22121,3005,63,2942
22123,1193,41,1152
22125,1210,34,1176
22127,1586,47,1539
23001,8410,86,8324
23003,1902,48,1854
23005,17252,200,17052
23007,1388,15,1373
23009,1376,38,1338
23011,6608,74,6534
23013,1147,6,1141
23015,1081,3,1078
23017,3645,67,3578
23019,6349,98,6251
23021,588,7,581
23023,1474,11,1463
23025,2285,32,2253
23027,1052,21,1031
23029,943,18,925
23031,13533,134,13399
24001,7057,212,6845
24003,43989,665,43324
24005,65989,1681,64308
24510,53166,1250,51916
24009,4240,86,4154
24011,2352,30,2322
24013,9533,254,9279
24015,6344,152,6192
24017,10968,216,10752
24019,2852,65,2787
24021,19844,342,19502
24023,2045,65,1980
24025,16661,300,16361
24027,19332,254,19078
24029,1360,51,1309
24031,71231,1623,69608
24033,85558,1597,83961
24035,3011,51,2960
24039,2625,40,2585
24037,6060,132,5928
24041,2184,44,2140
24043,14666,331,14335
24045,7731,174,7557
24047,3698,106,3592
25001,13948,470,13478
25003,6558,288,6270
25005,66918,1745,65173
25007,1414,0,1414
25009,97969,2403,95566
25011,2585,113,2472
25013,52448,1537,50911
25015,9177,300,8877
25017,135387,3778,131609
25019,1519,0,1519
25021,55031,1804,53227
25023,49299,1446,47853
25025,93146,1848,91298
25027,77436,2248,75188
26001,739,33,706
26003,670,7,663
26005,11186,161,11025
26007,2270,63,2207
26009,1636,30,1606
26011,1209,29,1180
26013,994,39,955
26015,5964,69,5895
26017,11264,355,10909
26019,1281,36,1245
26021,15596,292,15304
26023,5767,121,5646
26025,14566,318,14248
26027,5501,77,5424
26029,1681,22,1659
26031,1931,46,1885
26033,5631,50,5581
26035,2481,85,2396
26037,7656,92,7564
26039,995,14,981
26041,4057,95,3962
26043,2755,74,2681
26045,10153,212,9941
26047,2384,43,2341
26049,41756,970,40786
26051,2305,61,2244
26053,1406,52,1354
26055,6478,99,6379
26057,6986,125,6861
26059,4406,93,4313
26061,3141,43,3098
26063,4093,82,4011
26065,24909,391,24518
26067,9349,85,9264
26069,2007,74,1933
26071,1054,53,1001
26073,6339,100,6239
26075,21051,324,20727
26077,23188,402,22786
26079,1143,26,1117
26081,73774,866,72908
26083,174,2,172
26085,638,17,621
26087,9767,215,9552
26089,1243,19,1224
26091,10853,177,10676
26093,16804,196,16608
26095,1338,6,1332
26097,715,3,712
26099,100655,2497,98158
26101,1981,24,1957
26103,5938,64,5874
26105,2140,37,2103
26107,3215,36,3179
26109,2130,43,2087
26111,7577,94,7483
26113,1513,27,1486
26115,15419,264,15155
26117,8211,119,8092
26119,618,20,598
26121,18429,383,18046
26123,4897,68,4829
26125,118738,2444,116294
26127,2769,60,2709
26129,1745,43,1702
26131,482,21,461
26133,1962,31,1931
26135,691,31,660
26137,2362,41,2321
26139,32938,440,32498
26141,1057,34,1023
26143,1900,55,1845
26145,22525,634,21891
26151,4261,125,4136
26153,438,5,433
26155,6436,107,6329
26147,18501,448,18053
26149,6262,101,6161
26157,5668,174,5494
26159,7145,130,7015
26161,27140,310,26830
26163,165942,5167,160775
26165,2902,48,2854
27001,1390,37,1353
27003,42844,461,42383
27005,3870,56,3814
27007,4082,62,4020
27009,5831,98,5733
27011,605,4,601
27013,7636,44,7592
27015,3080,40,3040
27017,3539,57,3482
27019,10685,48,10637
27021,2869,32,2837
27023,1539,38,1501
27025,6214,52,6162
27027,8271,92,8179
27029,890,16,874
27031,172,0,172
27033,1673,24,1649
27035,6828,97,6731
27037,46914,472,46442
27039,1877,3,1874
27041,4760,81,4679
27043,1560,19,1541
27045,1577,10,1567
27047,3475,33,3442
27049,4840,74,4766
27051,594,8,586
27053,125204,1788,123416
27055,1747,16,1731
27057,1968,41,1927
27059,4408,64,4344
27061,4607,65,4542
27063,1227,12,1215
27065,1469,28,1441
27067,6690,85,6605
27069,490,22,468
27071,958,18,940
27073,756,22,734
27075,833,20,813
27077,345,3,342
27079,2977,26,2951
27081,584,3,581
27083,3641,54,3587
27087,565,9,556
27089,888,17,871
27091,2354,33,2321
27085,4323,61,4262
27093,2636,43,2593
27095,3118,55,3063
27097,4254,62,4192
27099,4713,33,4680
27101,1071,10,1061
27103,3316,45,3271
27105,4083,50,4033
27107,548,9,539
27109,13423,102,13321
27111,5872,86,5786
27113,1538,20,1518
27115,3351,23,3328
27117,1166,26,1140
27119,3892,72,3820
27121,1130,6,1124
27123,52573,903,51670
27125,401,7,394
27127,1767,40,1727
27129,1829,46,1783
27131,8214,111,8103
27133,1286,19,1267
27135,2113,21,2092
27139,17567,138,17429
27141,12033,95,11938
27143,1468,10,1458
27137,18163,318,17845
27145,22570,226,22344
27147,3983,18,3965
27149,925,11,914
27151,1070,18,1052
27153,2865,33,2832
27155,377,5,372
27157,2079,3,2076
27159,1639,23,1616
27161,2386,23,2363
27163,27458,295,27163
27165,1356,9,1347
27167,833,13,820
27169,4616,52,4564
27171,16396,150,16246
27173,1150,20,1130
28001,3124,86,3038
28003,3309,74,3235
28005,1271,43,1228
28007,2154,73,2081
28009,1024,25,999
28011,4848,134,4714
28013,1744,32,1712
28015,1223,30,1193
28017,2117,59,2058
28019,797,18,779
28021,1033,30,1003
28023,1792,80,1712
28025,1884,54,1830
28027,3012,84,2928
28029,3013,66,2947
28031,2686,83,2603
28033,22397,273,22124
28035,7888,153,7735
28037,852,23,829
28039,2533,51,2482
28041,1319,34,1285
28043,2641,88,2553
28045,3893,87,3806
28047,18569,317,18252
28049,21005,424,20581
28051,1907,74,1833
28053,975,33,942
28055,169,6,163
28057,3052,80,2972
28059,13837,250,13587
28061,2225,48,2177
28063,663,28,635
28065,1087,34,1053
28067,8490,167,8323
28069,967,29,938
28071,6333,122,6211
28073,6398,88,6310
28075,7272,243,7029
28077,1320,25,1295
28079,2732,74,2658
28081,10102,176,9926
28083,3518,125,3393
28085,4021,113,3908
28087,6557,150,6407
28089,10323,227,10096
28091,2724,80,2644
28093,4594,105,4489
28095,4179,136,4043
28097,1290,44,1246
28099,4083,180,3903
28101,2495,64,2431
28103,1286,34,1252
28105,4675,98,4577
28107,4679,111,4568
28109,4644,148,4496
28111,1283,38,1245
28113,3380,111,3269
28115,4290,73,4217
28117,2864,61,2803
28119,825,17,808
28121,14041,282,13759
28123,3211,74,3137
28125,510,17,493
28127,3016,89,2927
28129,1649,34,1615
28131,1914,34,1880
28133,3399,93,3306
28135,1801,42,1759
28137,3433,87,3346
28139,2933,68,2865
28141,2331,69,2262
28143,1083,27,1056
28145,4168,78,4090
28147,1359,47,1312
28149,4455,121,4334
28151,5435,138,5297
28153,2659,42,2617
28155,1151,32,1119
28157,700,32,668
28159,2311,82,2229
28161,1682,40,1642
28163,3156,71,3085
29001,2547,20,2527
29003,1963,21,1942
29005,463,6,457
29007,2804,58,2746
29009,3059,47,3012
29011,1236,16,1220
29013,1352,32,1320
29015,1743,35,1708
29017,1164,14,1150
29019,18992,117,18875
29021,10991,186,10805
29023,4292,50,4242
29025,881,15,866
29027,5148,51,5097
29029,4421,89,4332
29031,9607,139,9468
29033,1072,24,1048
29035,548,11,537
29037,9542,116,9426
29039,1167,21,1146
29041,754,8,746
29043,9614,96,9518
29045,718,8,710
29047,10490,174,10316
29049,2022,65,1957
29051,9371,130,9241
29053,1957,27,1930
29055,2671,40,2631
29057,757,31,726
29059,1521,28,1493
29061,758,11,747
29063,1145,32,1113
29065,1057,19,1038
29067,1023,29,994
29069,3096,50,3046
29071,10869,186,10683
29073,1588,47,1541
29075,854,20,834
29077,32393,482,31911
29079,1139,35,1104
29081,902,14,888
29083,2092,40,2052
29085,704,15,689
29087,461,14,447
29089,1075,7,1068
29091,3666,45,3621
29093,927,7,920
29095,39728,481,39247
29097,10155,132,10023
29099,23794,254,23540
29101,4883,59,4824
0,6632,112,6520
0,45521,597,44924
29103,386,3,383
29105,3693,75,3618
29107,3219,57,3162
29109,3698,87,3611
29111,1071,20,1051
29113,6318,51,6267
29115,1599,17,1582
29117,2145,46,2099
29121,1648,18,1630
29123,1691,16,1675
29125,654,8,646
29127,3678,53,3625
29119,2868,38,2830
29129,313,2,311
29131,2702,57,2645
29133,1503,28,1475
29135,1835,32,1803
29137,1021,12,1009
29139,1075,13,1062
29141,1807,44,1763
29143,2153,47,2106
29145,5819,80,5739
29147,2758,25,2733
29149,848,5,843
29151,1655,16,1639
29153,680,21,659
29155,1615,39,1576
29157,2279,30,2249
29159,5230,77,5153
29161,4022,131,3891
29163,1815,26,1789
29165,4283,49,4234
29167,3840,42,3798
29169,3648,55,3593
29171,485,4,481
29173,1076,13,1063
29175,2715,31,2684
29177,2054,27,2027
29179,493,4,489
29181,1108,17,1091
29195,2890,38,2852
29197,346,7,339
29199,306,4,302
29201,4753,87,4666
29203,610,12,598
29205,683,7,676
29183,48289,587,47702
29185,811,8,803
29187,8983,116,8867
29189,101753,2269,99484
29510,25445,531,24914
29186,1846,17,1829
29207,2549,42,2507
29209,2696,48,2648
29211,869,14,855
29213,6061,102,5959
29215,2024,23,2001
29217,1999,46,1953
29219,3252,38,3214
29221,2796,52,2744
29223,1045,14,1031
29225,4089,56,4033
29227,186,2,184
29229,1751,34,1717
30001,929,12,917
30003,2589,76,2513
30005,820,24,796
30007,524,5,519
30009,912,17,895
30011,151,5,146
30013,9516,187,9329
30015,516,7,509
30017,1207,18,1189
30019,197,8,189
30021,1106,29,1077
30023,1126,16,1110
30025,289,2,287
30027,1132,31,1101
30029,12435,102,12333
30031,15028,63,14965
30033,80,2,78
30035,1547,43,1504
30037,57,2,55
30039,204,2,202
30041,2034,46,1988
30043,1113,8,1105
30045,92,1,91
30047,2139,36,2103
30049,7064,92,6972
30051,119,1,118
30053,1648,18,1630
30057,796,8,788
30055,183,1,182
30059,152,7,145
30061,293,2,291
30063,9371,96,9275
30065,376,14,362
30067,1460,20,1440
30069,12,1,11
30071,527,16,511
30073,509,4,505
30075,134,6,128
30077,940,11,929
30079,141,2,139
30081,3262,50,3212
30083,1246,18,1228
30085,1670,55,1615
30087,1232,50,1182
30089,676,15,661
30091,424,5,419
30093,4164,86,4078
30095,752,14,738
30097,404,7,397
30099,506,6,500
30101,728,11,717
30103,55,1,54
30105,902,18,884
30107,183,8,175
30109,121,6,115
30111,18069,274,17795
31001,3181,54,3127
31003,536,7,529
31005,24,1,23
31007,29,0,29
31009,21,0,21
31011,585,4,581
31013,959,11,948
31015,176,3,173
31017,220,2,218
31019,5517,57,5460
31021,671,12,659
31023,861,12,849
31025,2675,16,2659
31027,776,11,765
31029,463,5,458
31031,301,7,294
31033,953,19,934
31035,780,17,763
31037,1594,21,1573
31039,1056,15,1041
31041,852,19,833
31043,4150,82,4068
31045,768,20,748
31047,2850,31,2819
31049,117,2,115
31051,611,9,602
31053,4983,80,4903
31055,72236,731,71505
31057,185,4,181
31059,507,13,494
31061,239,4,235
31063,193,1,192
31065,508,5,503
31067,2156,20,2136
31069,118,1,117
31071,153,1,152
31073,180,5,175
31075,36,4,32
31077,214,1,213
31079,7877,120,7757
31081,973,18,955
31083,228,0,228
31085,61,0,61
31087,255,5,250
31089,865,16,849
31091,47,3,44
31093,559,10,549
31095,664,3,661
31097,656,10,646
31099,616,5,611
31101,723,10,713
31103,54,0,54
31105,437,7,430
31107,888,12,876
31109,31535,238,31297
31111,4138,81,4057
31113,81,0,81
31115,42,0,42
31119,4303,44,4259
31117,28,1,27
31121,779,15,764
31123,509,15,494
31125,414,10,404
31127,804,13,791
31129,548,12,536
31131,1479,13,1466
31133,241,4,237
31135,294,11,283
31137,1007,10,997
31139,642,20,622
31141,4150,50,4100
31143,589,18,571
31145,1214,15,1199
31147,816,24,792
31149,102,2,100
31151,2041,3,2038
31153,22445,132,22313
31155,2545,20,2525
31157,4683,96,4587
31159,2038,34,2004
31161,539,21,518
31163,212,4,208
31165,31,1,30
31167,372,11,361
31169,491,7,484
31171,55,1,54
31173,848,11,837
31175,327,2,325
31177,2204,27,2177
31179,1090,7,1083
31181,419,8,411
31183,39,0,39
31185,1826,13,1813
32510,6626,124,6502
32001,2127,49,2078
32003,259885,4494,255391
32005,3018,37,2981
32007,5174,58,5116
32009,38,0,38
32011,55,0,55
32013,1219,14,1205
32015,480,9,471
32017,376,3,373
32019,3357,65,3292
32021,309,7,302
32023,3014,108,2906
32027,971,20,951
32029,117,3,114
32031,46310,684,45626
32033,636,6,630
33001,4173,100,4073
33003,2493,13,2480
33005,3899,35,3864
33007,2059,43,2016
33009,4080,28,4052
33011,36407,647,35760
33013,9689,116,9573
33015,24400,266,24134
33017,10094,97,9997
33019,1885,26,1859
34001,31659,694,30965
34003,104996,2887,102109
34005,44399,872,43527
34007,55951,1336,54615
34009,9292,208,9084
34011,17234,441,16793
34013,94502,3024,91478
34015,30725,644,30081
34017,88385,2301,86084
34019,9894,176,9718
34021,34203,959,33244
34023,92684,2368,90316
34025,76104,1638,74466
34027,50394,1240,49154
34029,76472,2171,74301
34031,73407,1937,71470
34033,6118,188,5930
34035,30241,846,29395
34037,14118,307,13811
34039,71768,1978,69790
34041,10037,237,9800
35001,59118,964,58154
35003,97,5,92
35005,9302,171,9131
35006,3561,125,3436
35007,950,47,903
35009,5332,86,5246
35011,178,2,176
35013,25350,492,24858
35015,6955,141,6814
35017,1751,41,1710
35019,724,11,713
35021,13,1,12
35023,367,9,358
35025,9211,198,9013
35027,1765,19,1746
35028,538,7,531
35029,3382,92,3290
35031,12382,478,11904
35033,175,7,168
35035,5242,81,5161
35037,537,11,526
35039,3794,79,3715
35041,2030,59,1971
35045,15730,497,15233
35047,1408,17,1391
35043,12250,241,12009
35049,10833,151,10682
35051,779,52,727
35053,1330,61,1269
35055,1721,53,1668
35057,1089,15,1074
35059,427,10,417
35061,7221,119,7102
36001,24734,357,24377
36003,3562,87,3475
36007,18655,366,18289
36009,5724,92,5632
36011,6350,92,6258
36013,8962,145,8817
36015,7783,136,7647
36017,3514,77,3437
36019,4847,33,4814
36021,4079,104,3975
36023,3934,63,3871
36025,2395,39,2356
36027,29512,446,29066
36029,89668,1812,87856
36031,1603,26,1577
36033,2564,12,2552
36035,4429,93,4336
36037,5441,124,5317
36039,3406,79,3327
36041,316,2,314
36043,5206,109,5097
36045,6174,68,6106
36049,2823,36,2787
36051,4535,60,4475
36053,4570,89,4481
36055,69164,1115,68049
36057,4257,127,4130
36059,183980,3179,180801
0,955649,33415,922234
36063,20059,374,19685
36065,22664,517,22147
36067,39035,678,38357
36069,7411,93,7318
36071,48432,723,47709
36073,3123,83,3040
36075,7639,93,7546
36077,3468,47,3421
36079,10630,93,10537
36083,11249,144,11105
36087,47022,756,46266
36091,15412,168,15244
36093,13217,205,13012
36095,1701,18,1683
36097,1082,14,1068
36099,2011,57,1954
36089,6667,97,6570
36101,6969,146,6823
36103,201431,3403,198028
36105,6692,76,6616
36107,3842,63,3779
36109,4358,52,4306
36111,13927,257,13670
36113,3674,57,3617
36115,3167,55,3112
36117,5796,71,5725
36119,129865,2293,127572
36121,3588,53,3535
36123,1180,26,1154
37001,19026,290,18736
37003,4454,85,4369
37005,1096,5,1091
37007,2636,56,2580
37009,2248,45,2203
37011,2161,21,2140
37013,4781,102,4679
37015,1794,45,1749
37017,3510,46,3464
37019,9336,156,9180
37021,18090,335,17755
37023,10157,162,9995
37025,22368,262,22106
37027,9527,110,9417
37029,695,6,689
37031,5259,55,5204
37033,2198,30,2168
37035,19815,312,19503
37037,4752,89,4663
37039,2631,38,2593
37041,1488,34,1454
37043,906,18,888
37045,11702,228,11474
37047,6459,152,6307
37049,9473,126,9347
37051,30285,321,29964
37053,1579,16,1563
37055,2188,10,2178
37057,17027,197,16830
37059,4179,40,4139
37061,6378,142,6236
37063,25958,234,25724
37065,5702,113,5589
37067,37028,421,36607
37069,7048,54,6994
37071,27194,443,26751
37073,751,13,738
37075,666,13,653
37077,5987,83,5904
37079,2420,47,2373
37081,48720,721,47999
37083,5685,114,5571
37085,12051,181,11870
37087,4497,99,4398
37089,10312,165,10147
37091,2113,64,2049
37093,4897,56,4841
37095,671,9,662
37097,19278,236,19042
37099,3662,56,3606
37101,22271,237,22034
37103,898,28,870
37105,6154,82,6072
37107,6268,124,6144
37109,10285,86,10199
37113,3162,41,3121
37115,1601,42,1559
37117,2325,45,2280
37111,5295,63,5232
37119,114641,976,113665
37121,1479,16,1463
37123,3382,97,3285
37125,9055,194,8861
37127,11713,197,11516
37129,19552,175,19377
37131,1898,61,1837
37133,17878,154,17724
37135,8595,101,8494
37137,1119,13,1106
37139,3444,84,3360
37141,5554,71,5483
37143,1037,12,1025
37145,3511,71,3440
37147,20499,96,20403
37149,1501,30,1471
37151,15342,232,15110
37153,4812,98,4714
37155,16864,271,16593
37157,8101,155,7946
37159,17241,311,16930
37161,7444,217,7227
37163,8155,114,8041
37165,3905,88,3817
37167,7934,138,7796
37169,4237,82,4155
37171,8405,170,8235
37173,1208,18,1190
37175,2388,33,2355
37177,326,6,320
37179,24917,226,24691
37181,4994,89,4905
37183,90342,737,89605
37185,1816,20,1796
37187,1139,32,1107
37189,5027,33,4994
37191,11485,246,11239
37193,6949,118,6831
37195,9919,181,9738
37197,4136,55,4081
37199,1641,28,1613
38001,271,3,268
38003,1422,31,1391
38005,1102,19,1083
38007,54,0,54
38009,724,20,704
38011,406,5,401
38013,247,3,244
38015,16037,196,15841
38017,24788,210,24578
38019,432,5,427
38021,800,33,767
38023,187,2,185
38025,401,7,394
38027,470,6,464
38029,441,13,428
38031,600,19,581
38033,261,3,258
38035,10720,79,10641
38037,211,7,204
38039,330,2,328
38041,332,4,328
38043,279,10,269
38045,537,17,520
38047,267,10,257
38049,658,23,635
38051,354,7,347
38053,1461,14,1447
38055,1293,31,1262
38057,1164,10,1154
38059,5349,101,5248
38061,1389,18,1371
38063,482,15,467
38065,158,3,155
38067,823,11,812
38069,550,25,525
38071,1729,30,1699
38073,700,17,683
38075,322,14,308
38077,2027,17,2010
38079,2161,28,2133
38081,501,7,494
38083,122,2,120
38085,665,12,653
38087,32,0,32
38089,4956,52,4904
38091,195,2,193
38093,3544,81,3463
38095,327,11,316
38097,1054,18,1036
38099,1913,27,1886
38101,9969,200,9769
38103,458,8,450
38105,5032,40,4992
69110,181,2,179
69120,2,0,2
39001,2436,56,2380
39003,11934,244,11690
39005,4368,97,4271
39007,7203,179,7024
39009,5250,60,5190
39011,5032,87,4945
39013,6163,177,5986
39015,4032,61,3971
39017,39162,610,38552
39019,1981,48,1933
39021,3455,60,3395
39023,14260,306,13954
39025,20168,255,19913
39027,3811,66,3745
39029,9052,234,8818
39031,2699,60,2639
39033,4060,111,3949
39035,116072,2234,113838
39037,5425,129,5296
39039,4325,99,4226
39041,18920,137,18783
39043,8060,165,7895
39045,16599,204,16395
39047,2862,50,2812
39049,129181,1482,127699
39051,4327,75,4252
39053,2413,50,2363
39055,6861,153,6708
39057,15317,249,15068
39059,3259,54,3205
39061,81520,1254,80266
39063,7009,134,6875
39065,2768,65,2703
39067,1143,38,1105
39069,2740,67,2673
39071,3607,66,3541
39073,2206,63,2143
39075,2711,102,2609
39077,5569,122,5447
39079,3191,54,3137
39081,5685,160,5525
39083,4577,112,4465
39085,21240,390,20850
39087,5754,103,5651
39089,16692,225,16467
39091,3882,79,3803
39093,25720,506,25214
39095,43446,827,42619
39097,4449,66,4383
39099,22415,604,21811
39101,8654,139,8515
39103,15640,275,15365
39105,1488,40,1448
39107,4880,85,4795
39109,10869,226,10643
39111,1364,45,1319
39113,52649,1054,51595
39115,1102,24,1078
39117,2923,40,2883
39119,8925,136,8789
39121,1364,39,1325
39123,3739,81,3658
39125,1769,42,1727
39127,2974,50,2924
39129,8680,122,8558
39131,2428,36,2392
39133,13269,216,13053
39135,3874,106,3768
39137,4338,104,4234
39139,11622,211,11411
39141,6957,164,6793
39143,5447,128,5319
39145,6558,107,6451
39147,5352,128,5224
39149,4778,95,4683
39151,33409,932,32477
39153,48510,1008,47502
39155,16590,485,16105
39157,8669,252,8417
39159,5855,49,5806
39161,2477,65,2412
39163,863,17,846
39165,24652,306,24346
39167,5327,110,5217
39169,9173,226,8947
39171,3496,78,3418
39173,13302,200,13102
39175,2347,56,2291
40001,3226,44,3182
40003,1155,7,1148
40005,1885,27,1858
40007,475,6,469
40009,2902,58,2844
40011,1055,20,1035
40013,6219,79,6140
40015,3997,96,3901
40017,17461,187,17274
40019,6337,129,6208
40021,5711,79,5632
40023,1633,27,1606
40025,219,2,217
40027,31412,439,30973
40029,705,15,690
40031,14407,200,14207
40033,697,16,681
40035,2053,18,2035
40037,7100,165,6935
40039,4088,104,3984
40041,4780,96,4684
40043,553,14,539
40045,357,6,351
40047,7835,139,7696
40049,3640,79,3561
40051,6001,130,5871
40053,549,7,542
40055,584,22,562
40057,327,6,321
40059,422,8,414
40061,1267,17,1250
40063,1253,29,1224
40065,3133,56,3077
40067,710,18,692
40069,1385,37,1348
40071,5350,128,5222
40073,2057,41,2016
40075,821,26,795
40077,844,13,831
40079,5680,67,5613
40081,3281,72,3209
40083,4319,65,4254
40085,1533,22,1511
40093,956,24,932
40095,2060,23,2037
40097,4303,74,4229
40087,5359,73,5286
40089,4006,94,3912
40091,2028,61,1967
40099,2041,44,1997
40101,9434,177,9257
40103,1383,20,1363
40105,1170,20,1150
40107,1805,32,1773
40109,87823,1312,86511
40111,3908,85,3823
40113,4812,80,4732
40115,4231,70,4161
40117,1801,53,1748
40119,8724,76,8648
40121,4684,78,4606
40123,5181,80,5101
40125,8430,131,8299
40127,1017,22,995
40129,390,12,378
40131,10717,195,10522
40133,2889,78,2811
40135,4213,56,4157
40137,4924,106,4818
40139,3544,34,3510
40141,807,17,790
40143,76351,1126,75225
40145,8290,123,8167
40147,5309,119,5190
40149,1089,23,1066
40151,1220,18,1202
40153,3173,36,3137
41001,1038,15,1023
41003,3283,22,3261
41005,19076,240,18836
41007,1074,9,1065
41009,1949,29,1920
41011,2189,38,2151
41013,1303,23,1280
41015,744,12,732
41017,10100,82,10018
41019,3971,83,3888
41021,81,1,80
41023,552,7,545
41025,438,10,428
41027,1228,33,1195
41029,11641,148,11493
41031,2392,40,2352
41033,3660,72,3588
41035,4799,78,4721
41037,470,8,462
41039,14043,168,13875
41041,1457,21,1436
41043,5738,81,5657
41045,3624,64,3560
41047,23603,325,23278
41049,1165,16,1149
41051,40616,638,39978
41053,4046,56,3990
41055,70,1,69
41057,672,4,668
41059,8689,87,8602
41061,1516,24,1492
41063,196,5,191
41065,1458,30,1428
41067,26950,253,26697
41069,35,1,34
41071,4814,79,4735
42001,9682,189,9493
42003,101898,2015,99883
42005,6014,148,5866
42007,15550,388,15162
42009,4725,141,4584
42011,48467,1042,47425
42013,13521,341,13180
42015,6131,96,6035
42017,60816,1326,59490
42019,17623,418,17205
42021,14828,440,14388
42023,309,8,301
42025,6401,176,6225
42027,16920,227,16693
42029,40827,824,40003
42031,3204,96,3108
42033,8648,155,8493
42035,3712,67,3645
42037,5905,136,5769
42039,7549,156,7393
42041,20620,526,20094
42043,26130,559,25571
42045,52383,1459,50924
42047,2869,41,2828
42049,21224,417,20807
42051,13427,328,13099
42053,1435,21,1414
42055,15469,375,15094
42057,1373,15,1358
42059,3355,41,3314
42061,5163,135,5028
42063,6415,179,6236
42065,3344,99,3245
42067,2141,88,2053
42069,18561,482,18079
42071,55423,1165,54258
42073,7691,216,7475
42075,16201,294,15907
42077,39845,861,38984
42079,32118,827,31291
42081,11962,294,11668
42083,3811,72,3739
42085,9724,266,9458
42087,5440,181,5259
42089,14827,321,14506
42091,70410,1736,68674
42093,2010,67,1943
42095,35886,717,35169
42097,9714,360,9354
42099,3851,101,3750
42101,154545,3762,150783
42103,4037,54,3983
42105,1221,25,1196
42107,14807,412,14395
42109,3680,86,3594
42111,8076,218,7858
42113,442,21,421
42115,2659,62,2597
42117,3129,112,3017
42119,6158,89,6069
42121,4101,102,3999
42123,2643,104,2539
42125,17929,306,17623
42127,4150,84,4066
42129,34426,777,33649
42131,1997,53,1944
42133,47027,826,46201
72001,553,0,553
72003,1557,0,1557
72005,1903,0,1903
72007,1388,0,1388
72009,815,0,815
72011,990,0,990
72013,3561,0,3561
72015,461,0,461
72017,935,0,935
72019,1614,0,1614
72021,12674,0,12674
72023,1284,0,1284
72025,7343,0,7343
72027,1420,0,1420
72029,2397,0,2397
72031,10324,0,10324
72033,1551,0,1551
72035,1638,0,1638
72037,525,0,525
72039,931,0,931
72041,1511,0,1511
72043,1172,0,1172
72045,876,0,876
72047,2081,0,2081
72049,44,0,44
72051,2683,0,2683
72053,1691,0,1691
72054,861,0,861
72055,342,0,342
72057,1094,0,1094
72059,575,0,575
72061,5299,0,5299
72063,2533,0,2533
72065,1367,0,1367
72067,525,0,525
72069,2516,0,2516
72071,1635,0,1635
72073,594,0,594
72075,1400,0,1400
72077,2542,0,2542
72079,608,0,608
72081,1122,0,1122
72083,326,0,326
72085,1962,0,1962
72087,1452,0,1452
72089,931,0,931
72091,1921,0,1921
72093,152,0,152
72095,481,0,481
72097,2557,0,2557
72099,1698,0,1698
72101,1740,0,1740
72103,1215,0,1215
72105,2048,0,2048
72107,1108,0,1108
72109,512,0,512
72111,664,0,664
72113,4132,0,4132
72115,1030,0,1030
72117,671,0,671
72119,2566,0,2566
72121,552,0,552
72123,1210,0,1210
72125,837,0,837
72127,22706,0,22706
72129,2049,0,2049
72131,1961,0,1961
72133,700,0,700
72135,4778,0,4778
72137,4884,0,4884
72139,3678,0,3678
72141,1081,0,1081
72143,2291,0,2291
72145,3473,0,3473
72147,205,0,205
72149,881,0,881
72151,1404,0,1404
72153,1259,0,1259
44001,5187,145,5042
44003,18828,366,18462
44005,6975,43,6932
44007,99519,1997,97522
44009,10126,172,9954
45001,2599,41,2558
45003,17548,223,17325
45005,946,15,931
45007,23299,532,22767
45009,1598,53,1545
45011,2611,58,2553
45013,17134,210,16924
45015,17999,208,17791
45017,1337,37,1300
45019,43958,514,43444
45021,6218,157,6061
45023,4267,76,4191
45025,4926,108,4818
45027,3480,113,3367
45029,3705,132,3573
45031,8621,180,8441
45033,4431,85,4346
45035,18398,222,18176
45037,3173,43,3130
45039,2417,83,2334
45041,18009,423,17586
45043,6803,141,6662
45045,75672,1034,74638
45047,8314,173,8141
45049,1929,52,1877
45051,39706,583,39123
45053,2429,50,2379
45055,7546,140,7406
45057,10937,172,10765
45059,7545,173,7372
45061,1939,64,1875
45063,33739,479,33260
45067,3568,108,3460
45069,3510,57,3453
45065,1035,28,1007
45071,5102,109,4993
45073,9945,139,9806
45075,9863,255,9608
45077,19120,304,18816
45079,47657,576,47081
45081,1805,48,1757
45083,42053,831,41222
45085,10624,211,10413
45087,3181,84,3097
45089,4118,102,4016
45091,32026,393,31633
46003,475,15,460
46005,2965,40,2925
46007,392,9,383
46009,1554,28,1526
46011,4236,37,4199
46013,5644,95,5549
46015,719,10,709
46017,427,14,413
46019,1090,20,1070
46021,132,4,128
46023,1388,22,1366
46025,464,5,459
46027,1932,15,1917
46029,4655,83,4572
46031,483,12,471
46033,880,13,867
46035,3252,68,3184
46037,711,29,682
46039,533,9,524
46041,1479,29,1450
46043,454,9,445
46045,516,14,502
46047,605,16,589
46049,373,13,360
46051,1057,42,1015
46053,588,30,558
46055,266,10,256
46057,802,39,763
46059,365,6,359
46061,392,4,388
46063,97,1,96
46065,2526,42,2484
46067,920,28,892
46069,140,1,139
46071,290,14,276
46073,281,16,265
46075,96,0,96
46077,819,18,801
46079,1390,20,1370
46081,3014,48,2966
46083,8722,78,8644
46085,659,11,648
46091,375,6,369
46087,813,25,788
46089,247,4,243
46093,2801,31,2770
46095,260,2,258
46097,307,10,297
46099,31758,366,31392
46101,667,20,647
46102,2119,49,2070
46103,13940,203,13737
46105,359,14,345
46107,391,4,387
46109,1394,42,1352
46111,347,3,344
46115,847,26,821
46117,354,2,352
46119,145,3,142
46121,1235,33,1202
46123,757,17,740
46125,1182,57,1125
46127,2228,43,2185
46129,772,15,757
46135,3114,34,3080
46137,341,9,332
47001,8819,175,8644
47003,6720,131,6589
47005,1687,41,1646
47007,2217,11,2206
47009,15937,197,15740
47011,15293,154,15139
47013,4197,62,4135
47015,1940,32,1908
47017,3711,83,3628
47019,6761,159,6602
47021,4668,56,4612
47023,2204,51,2153
47025,3230,74,3156
47027,1121,30,1091
47029,4546,100,4446
47031,6981,123,6858
47033,2061,50,2011
47035,6883,140,6743
47037,99452,951,98501
47041,2873,56,2817
47039,1622,39,1583
47043,7100,115,6985
47045,5525,108,5417
47047,5206,83,5123
47049,2519,49,2470
47051,5228,92,5136
47053,6669,150,6519
47055,4049,100,3949
47057,2678,50,2628
47059,8041,159,7882
47061,1804,35,1769
47063,8681,173,8508
47065,45482,508,44974
47067,620,13,607
47069,3545,64,3481
47071,3610,69,3541
47073,6328,113,6215
47075,2716,62,2654
47077,3865,79,3786
47079,3401,76,3325
47081,2891,47,2844
47083,1121,34,1087
47085,1942,32,1910
47087,1366,37,1329
47089,6329,126,6203
47091,2447,39,2408
47093,52139,649,51490
47095,1728,30,1698
47097,3268,50,3218
47099,6102,94,6008
47101,1624,26,1598
47103,4403,67,4336
47105,6240,71,6169
47111,3669,78,3591
47113,11581,244,11337
47115,3263,49,3214
47117,4329,61,4268
47119,13745,177,13568
47107,6664,103,6561
47109,2879,55,2824
47121,1429,24,1405
47123,5985,96,5889
47125,21051,233,20818
47127,1032,17,1015
47129,2554,37,2517
47131,4623,97,4526
47133,3091,62,3029
47135,1070,29,1041
47137,773,24,749
47139,2113,24,2089
47141,11841,179,11662
47143,4385,82,4303
47145,6376,108,6268
47147,9965,141,9824
47149,43725,447,43278
47151,3224,48,3176
47153,1758,29,1729
47155,13590,177,13413
47157,99826,1689,98137
47159,2810,40,2770
47161,1379,28,1351
47163,17338,311,17027
47165,24527,355,24172
47167,7469,104,7365
47169,2535,21,2514
47171,2069,50,2019
47173,1956,34,1922
47175,871,23,848
47177,5601,84,5517
47179,14859,253,14606
47181,2999,36,2963
47183,4238,69,4169
47185,3792,73,3719
47187,28652,218,28434
47189,19387,250,19137
48001,6242,133,6109
48003,1840,47,1793
48005,8705,287,8418
48007,1294,41,1253
48009,812,12,800
48011,208,6,202
48013,5830,151,5679
48015,2229,37,2192
48017,864,19,845
48019,1446,28,1418
48021,9771,101,9670
48023,300,13,287
48025,3542,75,3467
48027,25033,446,24587
48029,227486,3628,223858
48031,776,21,755
48033,30,2,28
48035,1695,36,1659
48037,7698,225,7473
48039,38746,532,38214
48041,28014,263,27751
48043,938,17,921
48045,169,6,163
48047,858,36,822
48049,4361,140,4221
48051,2486,48,2438
48053,4908,67,4841
48055,5784,100,5684
48057,2474,25,2449
48059,1214,41,1173
48061,42255,1686,40569
48063,1326,44,1282
48065,603,14,589
48067,2144,84,2060
48069,1069,32,1037
48071,5249,57,5192
48073,4304,145,4159
48075,1384,17,1367
48077,1041,16,1025
48079,334,15,319
48081,469,13,456
48083,757,34,723
48085,92897,845,92052
48087,331,9,322
48089,1763,32,1731
48091,11320,325,10995
48093,1567,51,1516
48095,489,8,481
48097,3805,72,3733
48099,7360,88,7272
48101,190,7,183
48103,543,12,531
48105,595,15,580
48107,758,29,729
48109,367,11,356
48111,987,26,961
48113,306417,4122,302295
48115,1742,69,1673
48123,1993,61,1932
48117,2951,68,2883
48119,351,12,339
48121,77057,777,76280
48125,189,10,179
48127,2565,37,2528
48129,424,15,409
48131,1274,42,1232
48133,1368,50,1318
48135,17555,379,17176
48137,248,6,242
48141,136622,2739,133883
48139,23167,323,22844
48143,4253,70,4183
48145,2103,32,2071
48147,3475,109,3366
48149,2773,67,2706
48151,306,14,292
48153,900,30,870
48155,124,10,114
48157,70010,709,69301
48159,814,26,788
48161,1978,50,1928
48163,2881,52,2829
48165,1462,45,1417
48167,41070,444,40626
48169,559,22,537
48171,2591,52,2539
48173,104,2,102
48175,481,15,466
48177,2742,58,2684
48179,2542,57,2485
48181,11374,346,11028
48183,11464,360,11104
48185,3820,74,3746
48187,15599,222,15377
48189,6187,156,6031
48191,497,14,483
48193,794,27,767
48195,942,24,918
48197,387,12,375
48199,6093,115,5978
48201,403019,6583,396436
48203,5460,111,5349
48205,658,2,656
48207,460,27,433
48209,21220,261,20959
48211,586,3,583
48213,6060,194,5866
48215,91101,2907,88194
48217,4566,110,4456
48219,3130,104,3026
48221,6646,134,6512
48223,3423,114,3309
48225,1901,58,1843
48227,4703,102,4601
48229,541,12,529
48231,6253,179,6074
48233,2423,72,2351
48235,129,1,128
48237,588,16,572
48239,1867,31,1836
48241,2544,93,2451
48243,194,5,189
48245,20421,442,19979
48247,621,16,605
48249,4410,108,4302
48251,20158,376,19782
48253,2596,55,2541
48255,2345,37,2308
48257,16529,266,16263
48259,3346,72,3274
48261,39,2,37
48263,106,2,104
48265,4602,92,4510
48267,295,7,288
48269,11,0,11
48271,347,6,341
48273,2694,94,2600
48275,263,17,246
48283,999,30,969
48277,5959,157,5802
48279,2489,83,2406
48281,2218,33,2185
48285,2496,76,2420
48287,2237,39,2198
48289,1653,43,1610
48291,8175,196,7979
48293,2828,80,2748
48295,350,12,338
48297,1138,22,1116
48299,1708,53,1655
48301,2,0,2
48303,49516,798,48718
48305,627,24,603
48313,1987,30,1957
48315,617,33,584
48317,651,19,632
48319,422,6,416
48321,4280,114,4166
48323,10827,360,10467
48307,591,20,571
48309,27794,479,27315
48311,85,5,80
48325,4667,107,4560
48327,213,9,204
48329,17811,274,17537
48331,2583,49,2534
48333,659,21,638
48335,609,31,578
48337,2129,73,2056
48339,55571,602,54969
48341,2764,73,2691
48343,949,34,915
48345,118,8,110
48347,5165,173,4992
48349,5942,154,5788
48351,640,38,602
48353,1548,52,1496
48355,40096,841,39255
48357,1206,27,1179
48359,289,4,285
48361,8837,154,8683
48363,2948,76,2872
48365,1854,75,1779
48367,16235,189,16046
48369,1329,35,1294
48371,1692,35,1657
48373,3417,120,3297
48375,17676,460,17216
48377,820,25,795
48379,816,27,789
48381,17083,310,16773
48383,386,8,378
48385,310,13,297
48387,788,38,750
48389,2193,44,2149
48391,686,23,663
48393,63,1,62
48395,2229,47,2182
48397,11859,158,11701
48399,1308,40,1268
48401,4436,109,4327
48403,525,45,480
48405,587,32,555
48407,1461,39,1422
48409,4516,151,4365
48411,779,23,756
48413,243,6,237
48415,2429,62,2367
48417,276,5,271
48419,1925,71,1854
48421,235,12,223
48423,20732,487,20245
48425,1088,14,1074
48427,9564,304,9260
48429,803,25,778
48431,109,4,105
48433,157,6,151
48435,475,8,467
48437,892,18,874
48439,263503,3568,259935
48441,16030,415,15615
48443,74,2,72
48445,1702,57,1645
48447,73,5,68
48449,4103,84,4019
48451,16947,272,16675
48453,84706,1037,83669
48455,861,29,832
48457,1337,42,1295
48459,3525,77,3448
48461,375,10,365
48463,3643,73,3570
48465,7974,233,7741
48467,4467,122,4345
48469,9277,227,9050
48471,8729,133,8596
48473,4213,51,4162
48475,1217,24,1193
48477,4284,94,4190
48479,46808,844,45964
48481,4281,117,4164
48483,573,12,561
48485,15219,381,14838
48487,1933,55,1878
48489,3163,91,3072
48491,47141,483,46658
48493,4692,69,4623
48495,783,21,762
48497,7534,125,7409
48499,3512,129,3383
48501,877,28,849
48503,2192,45,2147
48505,1801,36,1765
48507,1883,41,1842
49001,804,7,797
49003,5687,55,5632
49005,16583,50,16533
49007,1757,17,1740
49009,57,0,57
49011,39835,181,39654
49013,1393,9,1384
49015,964,10,954
49017,470,10,460
49019,1063,4,1059
49021,6134,35,6099
49023,1336,12,1324
49025,714,6,708
49027,1484,14,1470
49029,1327,11,1316
49031,99,2,97
49033,159,0,159
49035,153773,916,152857
49037,1932,37,1895
49039,3918,23,3895
49041,2251,15,2236
49043,5646,14,5632
49045,7673,44,7629
49047,2944,25,2919
49049,98766,406,98360
49051,4737,22,4715
49053,21661,209,21452
49055,135,0,135
49057,30724,214,30510
50001,1066,8,1058
50003,2053,15,2038
50005,1082,7,1075
50007,7540,104,7436
50009,295,2,293
50011,2031,39,1992
50013,217,2,215
50015,888,3,885
50017,822,3,819
50019,1292,11,1281
50021,2288,20,2268
50023,1898,15,1883
50025,1397,14,1383
50027,1521,13,1508
78010,1469,10,1459
78020,251,1,250
78030,2138,19,2119
51001,2872,45,2827
51003,5826,85,5741
51510,11882,139,11743
51005,1380,50,1330
51007,926,36,890
51009,2984,40,2944
51011,1625,26,1599
51013,15301,258,15043
51015,5987,78,5909
51017,274,11,263
51019,6677,109,6568
51021,689,10,679
51023,2606,38,2568
51520,1587,37,1550
51025,1338,25,1313
51027,1532,45,1487
51029,2140,32,2108
51530,936,22,914
51031,4977,100,4877
51033,2698,40,2658
51035,2719,79,2640
51036,509,16,493
51037,871,21,850
51540,4037,57,3980
51550,21261,307,20954
51041,28284,452,27832
51043,1005,21,984
51570,1716,62,1654
51580,611,14,597
51045,325,6,319
51047,4722,67,4655
51049,517,10,507
51590,4498,141,4357
51051,981,18,963
51053,2154,46,2108
51595,680,42,638
51057,786,10,776
51059,77136,1115,76021
51600,572,20,552
51610,430,8,422
51061,4780,69,4711
51063,885,22,863
51065,1926,20,1906
51067,4109,81,4028
51620,1142,33,1109
51069,8109,102,8007
51630,2154,25,2129
51640,1174,53,1121
51071,1333,22,1311
51073,2278,49,2229
51075,1479,23,1456
51077,1513,38,1475
51079,1298,18,1280
51081,1582,26,1556
51083,2839,78,2761
51650,10731,182,10549
51085,8260,166,8094
51660,6533,95,6438
51087,25803,635,25168
51089,4673,124,4549
51091,110,1,109
51670,2703,79,2624
51093,3175,70,3105
51095,4674,72,4602
51099,1734,20,1714
51101,1250,14,1236
51097,413,9,404
51103,719,17,702
51105,2434,49,2385
51678,1207,33,1174
51107,28097,283,27814
51109,2023,34,1989
51111,790,15,775
51680,7483,147,7336
51113,613,14,599
51685,1221,11,1210
51683,4315,48,4267
51690,1629,79,1550
51115,604,12,592
51117,2355,66,2289
51119,575,20,555
51121,9428,98,9330
51125,892,13,879
51127,1522,19,1503
51700,14364,239,14125
51710,18051,271,17780
51131,809,36,773
51133,747,20,727
51720,289,7,282
51135,1926,49,1877
51137,2244,40,2204
51139,2129,59,2070
51141,1400,43,1357
51730,3953,87,3866
51143,5628,83,5545
51735,900,18,882
51740,9212,204,9008
51145,1925,17,1908
51147,2175,35,2140
51149,3624,32,3592
51153,45792,506,45286
51155,2723,62,2661
51750,2179,19,2160
51157,354,2,352
51159,1503,16,1487
51760,17139,272,16867
51161,8432,147,8285
51770,8612,198,8414
51163,1568,48,1520
51165,6880,112,6768
51167,2311,40,2271
51775,2218,50,2168
51169,1870,60,1810
51171,4303,134,4169
51173,2984,96,2888
51175,1988,57,1931
51177,10201,125,10076
51179,11537,82,11455
51790,2530,71,2459
51800,8005,192,7813
51181,424,9,415
51183,1203,22,1181
51185,3758,75,3683
51810,36431,416,36015
51187,3139,61,3078
51191,5022,111,4911
51820,2403,38,2365
51193,1311,27,1284
51830,769,13,756
51840,2944,49,2895
51195,3273,103,3170
51197,2737,81,2656
51199,3803,59,3744
53001,2262,24,2238
53003,1504,29,1475
53005,17869,229,17640
53007,7133,72,7061
53009,1444,12,1432
53011,25962,289,25673
53013,133,6,127
53015,6684,92,6592
53017,3788,23,3765
53019,399,8,391
53021,12855,116,12739
53023,132,5,127
53025,10782,133,10649
53027,4589,76,4513
53029,1872,29,1843
53031,449,4,445
53033,112567,1664,110903
53035,8845,117,8728
53037,3341,36,3305
53039,887,10,877
53041,5329,77,5252
53043,676,12,664
53045,2946,34,2912
53047,2798,43,2755
53049,1004,14,990
53051,829,9,820
53053,56971,645,56326
53055,186,0,186
53057,6047,76,5971
53059,390,1,389
53061,40231,604,39627
53063,47453,679,46774
53065,2392,32,2360
53067,11052,112,10940
53069,156,1,155
53071,5542,67,5475
53073,9908,103,9805
53075,4414,50,4364
53077,31787,451,31336
54001,1514,32,1482
54003,12838,132,12706
54005,2178,36,2142
54007,1015,4,1011
54009,2247,60,2187
54011,8885,178,8707
54013,389,1,388
54015,543,11,532
54017,644,6,638
54019,3554,80,3474
54021,886,7,879
54023,1315,28,1287
54025,2894,64,2830
54027,1925,36,1889
54029,2844,89,2755
54031,1581,24,1557
54033,6193,81,6112
54035,2255,61,2194
54037,4799,59,4740
54039,15496,356,15140
54041,1287,22,1265
54043,1606,24,1582
54045,3294,96,3198
54049,4653,52,4601
54051,3537,79,3458
54053,2062,37,2025
54047,1614,26,1588
54055,5181,122,5059
54057,2980,92,2888
54059,2761,43,2718
54061,9398,90,9308
54063,1223,17,1206
54065,1226,23,1203
54067,1905,22,1883
54069,4314,87,4227
54071,725,11,714
54073,958,12,946
54075,681,12,669
54077,2959,46,2913
54079,5330,93,5237
54081,7091,98,6993
54083,2854,15,2839
54085,760,11,749
54087,665,9,656
54089,865,22,843
54091,1280,24,1256
54093,547,10,537
54095,746,13,733
54097,1968,34,1934
54099,3179,44,3135
54101,544,8,536
54103,1390,32,1358
54105,457,4,453
54107,7948,176,7772
54109,2058,40,2018
55001,1969,20,1949
55003,1402,15,1387
55005,6064,85,5979
55007,1291,20,1271
55009,35700,302,35398
55011,1418,7,1411
55013,1590,25,1565
55015,6533,56,6477
55017,7713,97,7616
55019,3704,65,3639
55021,5924,71,5853
55023,1803,19,1784
55025,46789,338,46451
55027,12952,201,12751
55029,2852,31,2821
55031,5005,64,4941
55033,5126,33,5093
55035,11989,122,11867
55037,506,13,493
55039,13887,139,13748
55041,1047,26,1021
55043,5759,94,5665
55045,3659,25,3634
55047,2064,23,2041
55049,2150,14,2136
55051,706,40,666
55053,2721,29,2692
55055,9689,136,9553
55057,3350,31,3319
55059,18823,336,18487
55061,2729,36,2693
55063,13551,90,13461
55065,1728,10,1718
55067,2221,51,2170
55069,3288,96,3192
55071,8929,94,8835
55073,16430,227,16203
55075,4713,73,4640
55077,1609,28,1581
55078,813,11,802
55079,117852,1428,116424
55081,4753,46,4707
55083,5118,68,5050
55085,3825,78,3747
55087,23902,242,23660
55089,9297,104,9193
55091,891,7,884
55093,4996,43,4953
55095,4834,63,4771
55097,7441,74,7367
55099,1348,7,1341
55101,25347,398,24949
55103,1406,16,1390
55105,18385,209,18176
55107,1461,22,1439
55111,6254,57,6197
55113,1853,29,1824
55115,5342,85,5257
55117,14824,167,14657
55109,9840,69,9771
55119,2139,38,2101
55121,3669,48,3621
55123,2025,43,1982
55125,2439,45,2394
55127,12720,166,12554
55129,1595,24,1571
55131,16925,190,16735
55133,49226,633,48593
55135,6119,167,5952
55137,2587,38,2549
55139,21504,225,21279
55141,7720,106,7614
56001,4637,17,4620
56003,1204,35,1169
56005,5187,60,5127
56007,1630,24,1606
56009,1038,18,1020
56011,459,13,446
56013,5302,87,5215
56015,1244,24,1220
56017,373,3,370
56019,744,10,734
56021,10499,121,10378
56023,1428,14,1414
56025,8256,140,8116
56027,163,2,161
56029,2904,32,2872
56031,681,13,668
56033,3270,31,3239
56035,797,7,790
56037,4771,40,4731
56039,3801,11,3790
56041,2320,13,2307
56043,925,26,899
56045,657,6,651
